SOL: 28.87463732807632
GST: 0.02341854991695209
GMT: 0.5577982843383262
